{
 "cells": [
  {
   "cell_type": "code",
   "execution_count": 1,
   "id": "98428077",
   "metadata": {},
   "outputs": [],
   "source": [
    "import numpy as np\n",
    "import pandas as pd\n",
    "import os\n",
    "from datetime import datetime\n",
    "import matplotlib.pyplot as plt\n",
    "from matplotlib import patches\n",
    "from scipy.spatial.transform import Rotation as R\n",
    "# import gtsam"
   ]
  },
  {
   "cell_type": "code",
   "execution_count": 2,
   "id": "44b9c47d",
   "metadata": {},
   "outputs": [],
   "source": [
    "###################################################################\n",
    "#####  PROCESS the drift error from checkerboard              ##### \n",
    "###################################################################\n",
    "import numpy as np\n",
    "import pandas as pd\n",
    "import os\n",
    "from datetime import datetime\n",
    "import matplotlib.pyplot as plt\n",
    "from matplotlib import patches\n",
    "from scipy.spatial.transform import Rotation as R\n",
    "import cv2\n"
   ]
  },
  {
   "cell_type": "code",
   "execution_count": 3,
   "id": "7364a4e1",
   "metadata": {},
   "outputs": [],
   "source": [
    "def draw(img, corners, imgpts):\n",
    "    corners = corners.astype(np.int32)\n",
    "    imgpts = imgpts.astype(np.int32)\n",
    "    corner = tuple(corners[0].ravel())\n",
    "    img = cv2.line(img, corner, tuple(imgpts[0].ravel()), (0,0,255), 5)\n",
    "    img = cv2.line(img, corner, tuple(imgpts[1].ravel()), (0,255,0), 5)\n",
    "    img = cv2.line(img, corner, tuple(imgpts[2].ravel()), (255,0,0), 5)\n",
    "    return img"
   ]
  },
  {
   "cell_type": "code",
   "execution_count": 4,
   "id": "d5727d30",
   "metadata": {},
   "outputs": [],
   "source": [
    "def getPoseFromChessBoard(img_inp, k, dist, squarSize):\n",
    "    criteria = (cv2.TERM_CRITERIA_EPS + cv2.TERM_CRITERIA_MAX_ITER, 30, 0.001)\n",
    "    objp = np.zeros((16*9,3), np.float32)\n",
    "    objp[:,:2] = np.mgrid[0:16,0:9].T.reshape(-1,2)\n",
    "    objp = objp * squarSize\n",
    "    axis = np.float32([[3,0,0], [0,3,0], [0,0,-3]]).reshape(-1,3)\n",
    "    axis = axis * squarSize\n",
    "    T_ci = np.zeros((4,4), np.float64)\n",
    "    ## detect chesssboard\n",
    "    ret, corners = cv2.findChessboardCorners(img_inp, (16,9),None, cv2.CALIB_CB_FAST_CHECK)\n",
    "   \n",
    "    if ret == True:\n",
    "        print(\"corners found\")\n",
    "        corners2 = cv2.cornerSubPix(img_inp,corners,(11,11),(-1,-1),criteria)\n",
    "        # Find the rotation and translation vectors.\n",
    "        _,rvecs, tvecs, inliers = cv2.solvePnPRansac(objp, corners2, k, dist)\n",
    "        rot_mat, _ = cv2.Rodrigues(rvecs)\n",
    "        ## get pose WRT chessboard T_ci\n",
    "        T_ic = np.vstack((np.hstack((rot_mat, tvecs)), np.array([0, 0, 0, 1])))\n",
    "        T_ci = np.linalg.inv(T_ic)\n",
    "        # project 3D points to image plane\n",
    "        imgpts, jac = cv2.projectPoints(axis, rvecs, tvecs, k, dist)\n",
    "        cv2.drawChessboardCorners(img_inp, (16,9), corners2, ret)\n",
    "        img = cv2.cvtColor(img_inp,cv2.COLOR_GRAY2RGB)\n",
    "        img = draw(img,corners2,imgpts)\n",
    "#         cv2.imshow('img',img)\n",
    "#         cv2.waitKey(20)\n",
    "    else:\n",
    "        print(\"Corners not found\")\n",
    "    return T_ci"
   ]
  },
  {
   "cell_type": "code",
   "execution_count": 5,
   "id": "0f0587e0",
   "metadata": {},
   "outputs": [],
   "source": [
    "def computeError(df_traj, tStamp, k, dist, squareSize, patternSize, T_c0=np.eye(4)):\n",
    "    img_gray = cv2.imread(os.path.join(data_path,str(tStamp)+\".jpg\"), 0)\n",
    "    #clahe = cv2.createCLAHE(clipLimit = 5)\n",
    "    #img_gray = clahe.apply(img_gray)\n",
    "    T_ci_gt = getPoseFromChessBoard(img_gray, k, dist, squareSize)\n",
    "    if np.linalg.norm(T_ci_gt) == 0:\n",
    "        #print(\"Checkerboard not found\")\n",
    "        return -1, -1\n",
    "    t =round(tStamp*1e-9, 6)\n",
    "    print(\"Image : \", tStamp) \n",
    "    ind_df = df_traj[0].sub(t).abs().idxmin()\n",
    "    \n",
    "    #ind_df = (df_traj[0].tolist().index(t))\n",
    "    print(\"index : \", ind_df)\n",
    "    quat = np.array(df_traj.iloc[ind_df, 4:8])\n",
    "    rot = R.from_quat(quat).as_matrix()\n",
    "    trans = np.array(df_traj.iloc[ind_df,1:4]).reshape(3,1)\n",
    "    T_0i = np.vstack((np.hstack((rot, trans)), np.array([0,0,0,1])))\n",
    "    ## In Tum trajectory we have T_0i, pose WRT start, \n",
    "    ## GT = T_ci, expected T_ci^ = T_c0 * T_0i=\n",
    "    print(\"GT Pose: \")\n",
    "    print(T_ci_gt)\n",
    "    if T_ci_gt[3,3] > 2.0 :\n",
    "        print(\"calibrationj board is too far. estimate wont be accurate\")\n",
    "        return -1, -1\n",
    "    print(\"expected Pose Traj: \")\n",
    "    T_ci_exp = T_c0 @ T_0i\n",
    "    print(T_ci_exp)\n",
    "    #find delta pose\n",
    "    deltapose = np.linalg.inv(T_ci_exp) @ T_ci_gt\n",
    "    rotvec_cv,_ = cv2.Rodrigues(deltapose[0:3,0:3])\n",
    "    trans_error = np.linalg.norm(T_ci_exp[0:3, 3] - T_ci_gt[0:3, 3])\n",
    "    rot_error = np.rad2deg(np.linalg.norm(rotvec_cv))\n",
    "    print(\"translation error: \",trans_error, )\n",
    "    print(\"rotation error in degrees: \", rot_error)\n",
    "    return trans_error, rot_error"
   ]
  },
  {
   "cell_type": "code",
   "execution_count": 6,
   "id": "e05bcf75",
   "metadata": {},
   "outputs": [
    {
     "name": "stdout",
     "output_type": "stream",
     "text": [
      "image_path /media/neural/pushyami_disk/oldneufr_data/04_21_2022_isec_curry/ISEC_Ground1/cam1/1650574403355778934.jpg\n",
      "corners found\n",
      "corners found\n",
      "Image :  1650574403355778934\n",
      "index :  0\n",
      "GT Pose: \n",
      "[[ 0.99323903  0.00404174 -0.11601678  1.19108321]\n",
      " [-0.01663858  0.99403162 -0.107816    0.32351058]\n",
      " [ 0.11488858  0.10901741  0.98737825 -3.84084279]\n",
      " [ 0.          0.          0.          1.        ]]\n",
      "expected Pose Traj: \n",
      "[[ 9.93265353e-01  3.25563349e-03 -1.15815971e-01  1.19108380e+00]\n",
      " [-1.58203334e-02  9.94053689e-01 -1.07735699e-01  3.23503800e-01]\n",
      " [ 1.14776545e-01  1.08842384e-01  9.87410593e-01 -3.84084169e+00]\n",
      " [ 0.00000000e+00  0.00000000e+00  0.00000000e+00  1.00000000e+00]]\n",
      "translation error:  6.895167365633249e-06\n",
      "rotation error in degrees:  0.047587844324027385\n",
      "STamp: 1650574573.402195\n",
      "Corners not found\n",
      "STamp: 1650574573.602811\n",
      "Corners not found\n",
      "STamp: 1650574573.802737\n",
      "Corners not found\n",
      "STamp: 1650574574.004199\n",
      "Corners not found\n",
      "STamp: 1650574574.203969\n",
      "Corners not found\n",
      "STamp: 1650574574.603385\n",
      "Corners not found\n",
      "STamp: 1650574575.00229\n",
      "Corners not found\n",
      "STamp: 1650574575.402066\n",
      "Corners not found\n",
      "STamp: 1650574575.802951\n",
      "Corners not found\n",
      "STamp: 1650574576.002209\n",
      "Corners not found\n",
      "STamp: 1650574576.203092\n",
      "Corners not found\n",
      "STamp: 1650574576.40253\n",
      "Corners not found\n",
      "STamp: 1650574576.602536\n",
      "Corners not found\n",
      "STamp: 1650574576.802782\n",
      "Corners not found\n",
      "STamp: 1650574577.002328\n",
      "Corners not found\n",
      "STamp: 1650574577.402687\n",
      "Corners not found\n",
      "STamp: 1650574577.804165\n",
      "Corners not found\n",
      "STamp: 1650574578.203416\n",
      "Corners not found\n",
      "STamp: 1650574578.602599\n",
      "Corners not found\n",
      "STamp: 1650574579.003885\n",
      "Corners not found\n",
      "STamp: 1650574579.402998\n",
      "Corners not found\n",
      "STamp: 1650574579.803168\n",
      "Corners not found\n",
      "STamp: 1650574580.203298\n",
      "Corners not found\n",
      "STamp: 1650574580.653895\n",
      "Corners not found\n",
      "STamp: 1650574581.054856\n",
      "Corners not found\n",
      "STamp: 1650574581.455208\n",
      "Corners not found\n",
      "STamp: 1650574581.855981\n",
      "Corners not found\n",
      "STamp: 1650574582.256277\n",
      "Corners not found\n",
      "STamp: 1650574582.855887\n",
      "Corners not found\n",
      "STamp: 1650574583.455949\n",
      "Corners not found\n",
      "STamp: 1650574584.457127\n",
      "Corners not found\n",
      "STamp: 1650574585.255761\n",
      "Corners not found\n",
      "STamp: 1650574585.656082\n",
      "Corners not found\n",
      "STamp: 1650574585.855801\n",
      "Corners not found\n",
      "STamp: 1650574586.256077\n",
      "Corners not found\n",
      "STamp: 1650574587.455888\n",
      "Corners not found\n",
      "STamp: 1650574588.256504\n",
      "Corners not found\n",
      "STamp: 1650574588.856565\n",
      "Corners not found\n",
      "STamp: 1650574589.456366\n",
      "Corners not found\n",
      "STamp: 1650574590.056637\n",
      "Corners not found\n",
      "STamp: 1650574591.056327\n",
      "Corners not found\n",
      "STamp: 1650574592.05553\n",
      "Corners not found\n",
      "STamp: 1650574592.656219\n",
      "Corners not found\n",
      "STamp: 1650574593.056855\n",
      "Corners not found\n",
      "STamp: 1650574593.45597\n",
      "Corners not found\n",
      "STamp: 1650574593.856545\n",
      "Corners not found\n",
      "STamp: 1650574594.256282\n",
      "Corners not found\n",
      "STamp: 1650574594.656186\n",
      "Corners not found\n",
      "STamp: 1650574595.055673\n",
      "Corners not found\n",
      "STamp: 1650574595.456904\n",
      "Corners not found\n",
      "STamp: 1650574595.856813\n",
      "Corners not found\n",
      "STamp: 1650574596.25619\n",
      "Corners not found\n",
      "STamp: 1650574596.655919\n",
      "Corners not found\n",
      "STamp: 1650574597.057899\n",
      "Corners not found\n",
      "STamp: 1650574598.256181\n",
      "Corners not found\n",
      "STamp: 1650574599.056793\n",
      "Corners not found\n",
      "STamp: 1650574599.455742\n",
      "Corners not found\n",
      "STamp: 1650574599.85715\n",
      "Corners not found\n",
      "STamp: 1650574600.0568\n",
      "Corners not found\n",
      "STamp: 1650574600.455826\n",
      "Corners not found\n",
      "STamp: 1650574600.656265\n",
      "Corners not found\n",
      "STamp: 1650574600.855561\n",
      "Corners not found\n",
      "STamp: 1650574601.055739\n",
      "Corners not found\n",
      "STamp: 1650574601.256565\n",
      "Corners not found\n",
      "STamp: 1650574601.455869\n",
      "Corners not found\n",
      "STamp: 1650574601.656305\n",
      "Corners not found\n",
      "STamp: 1650574601.856001\n",
      "Corners not found\n",
      "STamp: 1650574602.056205\n",
      "Corners not found\n",
      "STamp: 1650574602.256864\n",
      "Corners not found\n",
      "STamp: 1650574602.455964\n",
      "Corners not found\n",
      "STamp: 1650574602.655584\n",
      "Corners not found\n",
      "STamp: 1650574602.855784\n",
      "Corners not found\n",
      "STamp: 1650574603.056237\n",
      "Corners not found\n",
      "STamp: 1650574603.255498\n",
      "Corners not found\n",
      "STamp: 1650574603.45717\n",
      "Corners not found\n",
      "STamp: 1650574603.657132\n",
      "Corners not found\n",
      "STamp: 1650574603.856633\n",
      "Corners not found\n",
      "STamp: 1650574604.061972\n",
      "Corners not found\n",
      "STamp: 1650574604.256093\n",
      "Corners not found\n",
      "STamp: 1650574604.455945\n",
      "Corners not found\n",
      "STamp: 1650574604.656336\n",
      "Corners not found\n",
      "STamp: 1650574604.856511\n",
      "Corners not found\n",
      "STamp: 1650574605.056028\n",
      "Corners not found\n",
      "STamp: 1650574605.456476\n",
      "corners found\n",
      "Image :  1650574605456476532\n",
      "index :  427\n",
      "GT Pose: \n",
      "[[ 9.80360215e-01  6.20444159e-04  1.97214260e-01  7.40913922e-01]\n",
      " [ 2.07685590e-02  9.94109818e-01 -1.06368873e-01  3.25705513e-01]\n",
      " [-1.96118628e-01  1.08375667e-01  9.74572829e-01 -3.79863948e+00]\n",
      " [ 0.00000000e+00  0.00000000e+00  0.00000000e+00  1.00000000e+00]]\n",
      "expected Pose Traj: \n",
      "[[ 9.63288927e-01  5.20931187e-03  2.68416291e-01  2.56504233e+01]\n",
      " [ 2.90082298e-02  9.91938479e-01 -1.23355491e-01  1.81390625e+00]\n",
      " [-2.66895045e-01  1.26613260e-01  9.55372240e-01 -1.53357401e+01]\n",
      " [ 0.00000000e+00  0.00000000e+00  0.00000000e+00  1.00000000e+00]]\n",
      "translation error:  27.491873125236083\n",
      "rotation error in degrees:  4.3369937781325465\n",
      "STamp: 1650574605.856101\n",
      "corners found\n",
      "Image :  1650574605856100937\n",
      "index :  428\n",
      "GT Pose: \n",
      "[[ 9.91625483e-01  3.68605954e-03  1.29094210e-01  7.75940931e-01]\n",
      " [ 1.05384633e-02  9.93949561e-01 -1.09330744e-01  3.16797583e-01]\n",
      " [-1.28716133e-01  1.09775607e-01  9.85586867e-01 -3.70331600e+00]\n",
      " [ 0.00000000e+00  0.00000000e+00  0.00000000e+00  1.00000000e+00]]\n",
      "expected Pose Traj: \n",
      "[[ 9.79318829e-01  8.20504847e-03  2.02156644e-01  2.56512895e+01]\n",
      " [ 1.76323592e-02  9.91914529e-01 -1.25676840e-01  1.81357107e+00]\n",
      " [-2.01553297e-01  1.26642194e-01  9.71255900e-01 -1.53344392e+01]\n",
      " [ 0.00000000e+00  0.00000000e+00  0.00000000e+00  1.00000000e+00]]\n",
      "translation error:  27.501024067858587\n",
      "rotation error in degrees:  4.369606499972293\n",
      "STamp: 1650574606.056004\n",
      "corners found\n",
      "Image :  1650574606056003854\n",
      "index :  429\n",
      "GT Pose: \n",
      "[[ 0.99626134  0.00457484  0.08626939  0.7911903 ]\n",
      " [ 0.00491176  0.99398206 -0.10943276  0.30734635]\n",
      " [-0.08625087  0.10944737  0.99024344 -3.6575853 ]\n",
      " [ 0.          0.          0.          1.        ]]\n",
      "expected Pose Traj: \n",
      "[[ 9.86313836e-01  8.79515650e-03  1.64644047e-01  2.56514943e+01]\n",
      " [ 1.20641433e-02  9.92049868e-01 -1.25265781e-01  1.81292928e+00]\n",
      " [-1.64436838e-01  1.25537663e-01  9.78366405e-01 -1.53308966e+01]\n",
      " [ 0.00000000e+00  0.00000000e+00  0.00000000e+00  1.00000000e+00]]\n",
      "translation error:  27.505775602347423\n",
      "rotation error in degrees:  4.6344220448491935\n",
      "STamp: 1650574606.256637\n",
      "corners found\n",
      "Image :  1650574606256636704\n",
      "index :  430\n",
      "GT Pose: \n",
      "[[ 9.99113587e-01  5.97408919e-03  4.16695451e-02  8.07844490e-01]\n",
      " [-1.36355299e-03  9.93951977e-01 -1.09807137e-01  3.00014538e-01]\n",
      " [-4.20735244e-02  1.09652984e-01  9.93079071e-01 -3.61041736e+00]\n",
      " [ 0.00000000e+00  0.00000000e+00  0.00000000e+00  1.00000000e+00]]\n",
      "expected Pose Traj: \n",
      "[[ 9.92853121e-01  1.01366884e-02  1.18911426e-01  2.56525156e+01]\n",
      " [ 5.07295195e-03  9.91901007e-01 -1.26912006e-01  1.81276849e+00]\n",
      " [-1.19234831e-01  1.26608213e-01  9.84760588e-01 -1.53296015e+01]\n",
      " [ 0.00000000e+00  0.00000000e+00  0.00000000e+00  1.00000000e+00]]\n",
      "translation error:  27.51155003232204\n",
      "rotation error in degrees:  4.561816552913715\n",
      "STamp: 1650574606.457015\n",
      "corners found\n",
      "Image :  1650574606457014541\n",
      "index :  431\n",
      "GT Pose: \n",
      "[[ 9.99974662e-01  6.86740828e-03  1.87455464e-03  8.18580741e-01]\n",
      " [-6.61506501e-03  9.93720147e-01 -1.11698302e-01  2.96631856e-01]\n",
      " [-2.62986055e-03  1.11683071e-01  9.93740396e-01 -3.56212739e+00]\n",
      " [ 0.00000000e+00  0.00000000e+00  0.00000000e+00  1.00000000e+00]]\n",
      "expected Pose Traj: \n",
      "[[ 9.96716207e-01  1.08264833e-02  8.02470553e-02  2.56529444e+01]\n",
      " [-4.30288533e-04  9.91715598e-01 -1.28452275e-01  1.81242790e+00]\n",
      " [-8.09729429e-02  1.27995935e-01  9.88463668e-01 -1.53265916e+01]\n",
      " [ 0.00000000e+00  0.00000000e+00  0.00000000e+00  1.00000000e+00]]\n",
      "translation error:  27.52173451751465\n",
      "rotation error in degrees:  4.606891098108859\n",
      "STamp: 1650574606.857877\n",
      "corners found\n",
      "Image :  1650574606857877215\n",
      "index :  432\n",
      "GT Pose: \n",
      "[[ 0.99810903  0.00687297 -0.06108299  0.83233548]\n",
      " [-0.01375335  0.99350606 -0.11294492  0.28485666]\n",
      " [ 0.05991006  0.11357144  0.99172189 -3.46247588]\n",
      " [ 0.          0.          0.          1.        ]]\n",
      "expected Pose Traj: \n",
      "[[ 9.99810427e-01  1.06105408e-02  1.63256386e-02  2.56539621e+01]\n",
      " [-8.38836474e-03  9.91396803e-01 -1.30621643e-01  1.81207514e+00]\n",
      " [-1.75711522e-02  1.30459936e-01  9.91297866e-01 -1.53240128e+01]\n",
      " [ 0.00000000e+00  0.00000000e+00  0.00000000e+00  1.00000000e+00]]\n",
      "translation error:  27.552524456396423\n",
      "rotation error in degrees:  4.556737539563117\n",
      "STamp: 1650574607.256373\n",
      "corners found\n",
      "Image :  1650574607256372414\n",
      "index :  433\n",
      "GT Pose: \n",
      "[[ 0.99186374  0.00694157 -0.12711463  0.84268909]\n",
      " [-0.02145418  0.99334516 -0.11315965  0.27341446]\n",
      " [ 0.1254832   0.1149661   0.98541198 -3.36127985]\n",
      " [ 0.          0.          0.          1.        ]]\n",
      "expected Pose Traj: \n",
      "[[ 9.98806787e-01  1.02329148e-02 -4.77523703e-02  2.56543167e+01]\n",
      " [-1.64220326e-02  9.91236266e-01 -1.31076245e-01  1.81158475e+00]\n",
      " [ 4.59925892e-02  1.31704034e-01  9.90221556e-01 -1.53200135e+01]\n",
      " [ 0.00000000e+00  0.00000000e+00  0.00000000e+00  1.00000000e+00]]\n",
      "translation error:  27.586122255911366\n",
      "rotation error in degrees:  4.678936375146238\n",
      "STamp: 1650574607.855523\n",
      "corners found\n",
      "Image :  1650574607855522733\n",
      "index :  434\n",
      "GT Pose: \n",
      "[[ 0.98679772  0.00526941 -0.16187183  0.83263371]\n",
      " [-0.02349591  0.99355471 -0.11089179  0.25795734]\n",
      " [ 0.16024418  0.11323109  0.98056133 -3.22673623]\n",
      " [ 0.          0.          0.          1.        ]]\n",
      "expected Pose Traj: \n",
      "[[ 9.97072652e-01  7.83386284e-03 -7.60575933e-02  2.56535103e+01]\n",
      " [-1.76056092e-02  9.91530793e-01 -1.28672954e-01  1.81088947e+00]\n",
      " [ 7.44054395e-02  1.29635324e-01  9.88766157e-01 -1.53153253e+01]\n",
      " [ 0.00000000e+00  0.00000000e+00  0.00000000e+00  1.00000000e+00]]\n",
      "translation error:  27.651790137775276\n",
      "rotation error in degrees:  5.051455703743645\n",
      "STamp: 1650574608.455361\n",
      "corners found\n",
      "Image :  1650574608455360882\n",
      "index :  435\n",
      "GT Pose: \n",
      "[[ 0.98656467  0.00549217 -0.16327886  0.81295394]\n",
      " [-0.02343562  0.99385583 -0.10817279  0.24322733]\n",
      " [ 0.16168155  0.11054599  0.98063177 -3.11160543]\n",
      " [ 0.          0.          0.          1.        ]]\n",
      "expected Pose Traj: \n",
      "[[ 9.97453753e-01  8.15776391e-03 -7.08481567e-02  2.56523642e+01]\n",
      " [-1.69537235e-02  9.92080420e-01 -1.24454858e-01  1.81006465e+00]\n",
      " [ 6.92717957e-02  1.25339105e-01  9.89692643e-01 -1.53112160e+01]\n",
      " [ 0.00000000e+00  0.00000000e+00  0.00000000e+00  1.00000000e+00]]\n",
      "translation error:  27.717896394150863\n",
      "rotation error in degrees:  5.410300916628446\n",
      "Average translation error :  27.560032287723633\n",
      "Average rotational error :  4.68968450100645\n"
     ]
    }
   ],
   "source": [
    "data_path=\"/media/neural/pushyami_disk/oldneufr_data/04_21_2022_isec_curry/ISEC_Ground1/cam1\"\n",
    "traj_path = \"/home/neural/multicamSLAM/results/isec_ground1/traj_15.txt\"\n",
    "\n",
    "k = np.array([[890.3108042354397, 0, 371.6746843591246],\n",
    "             [0, 890.8454719023792, 275.10004314234504],\n",
    "            [0, 0, 1]])\n",
    "\n",
    "dist = np.array([-0.21075936736896436, 0.16323979280198103, 5.060027981629671e-06, 8.671705366115946e-05])\n",
    "first_stamp = 1650574403355778934\n",
    "\n",
    "## read the tum format trajectory file\n",
    "df = pd.read_csv(traj_path, header=None,skipinitialspace=True, sep=' ')\n",
    "image_path = os.path.join(data_path,str(first_stamp)+\".jpg\")\n",
    "print(\"image_path\" , image_path)\n",
    "img_first = cv2.imread(os.path.join(data_path,str(first_stamp)+\".jpg\"), 0)\n",
    "\n",
    "T_cs = getPoseFromChessBoard(img_first, k, dist, 0.081)\n",
    "# print(T_cs)\n",
    "\n",
    "computeError(df, first_stamp, k, dist, 0.081, (9,9), T_cs)\n",
    "\n",
    "imgnames = os.listdir(data_path)\n",
    "imgnames.sort()\n",
    "imgstamps = np.array([ float(img[:-4])*1e-9 for img in imgnames])\n",
    "\n",
    "\n",
    "\n",
    "avg_trans_e = 0\n",
    "avg_rot_e = 0\n",
    "cnt =0\n",
    "\n",
    "\n",
    "for stamp in df[0]:\n",
    "    if stamp > (first_stamp*1e-9 + 170):\n",
    "        print(\"STamp:\",stamp)\n",
    "        diffs = np.absolute(imgstamps - stamp)\n",
    "        image_index = diffs.argmin()\n",
    "        trans_e, rot_e = computeError(df, int(imgnames[image_index][:-4]), k, dist, 0.081, (9,9), T_cs)\n",
    "        if trans_e != -1 and rot_e != -1:\n",
    "            avg_trans_e = avg_trans_e + trans_e\n",
    "            avg_rot_e = avg_rot_e + rot_e\n",
    "            cnt = cnt +1\n",
    "print(\"Average translation error : \", avg_trans_e/cnt)\n",
    "print(\"Average rotational error : \", avg_rot_e/cnt)\n",
    "\n",
    "\n"
   ]
  },
  {
   "cell_type": "code",
   "execution_count": null,
   "id": "d4feaa04",
   "metadata": {},
   "outputs": [],
   "source": []
  },
  {
   "cell_type": "code",
   "execution_count": null,
   "id": "465f2971",
   "metadata": {},
   "outputs": [],
   "source": []
  }
 ],
 "metadata": {
  "kernelspec": {
   "display_name": "Python 3 (ipykernel)",
   "language": "python",
   "name": "python3"
  },
  "language_info": {
   "codemirror_mode": {
    "name": "ipython",
    "version": 3
   },
   "file_extension": ".py",
   "mimetype": "text/x-python",
   "name": "python",
   "nbconvert_exporter": "python",
   "pygments_lexer": "ipython3",
   "version": "3.11.3"
  }
 },
 "nbformat": 4,
 "nbformat_minor": 5
}
